|                | clearance   | d.s. distance   | dutyfactor   | d.s. frequency   | d.s. speed   | trunk angle   |
|----------------+-------------+-----------------+--------------+------------------+--------------+---------------|
| clearance      | \(1\)       | \(+0.32\) *     | \(-0.42\) *  | \(-0.01\)        | \(+0.15\)    | \(+0.38\) *   |
| d.s. distance  | \(+0.32\) * | \(1\)           | \(-0.57\) *  | \(+0.09\)        | \(+0.52\) *  | \(-0.12\)     |
| dutyfactor     | \(-0.42\) * | \(-0.57\) *     | \(1\)        | \(-0.52\) *      | \(-0.72\) *  | \(-0.27\)     |
| d.s. frequency | \(-0.01\)   | \(+0.09\)       | \(-0.52\) *  | \(1\)            | \(+0.89\) *  | \(+0.12\)     |
| d.s. speed     | \(+0.15\)   | \(+0.52\) *     | \(-0.72\) *  | \(+0.89\) *      | \(1\)        | \(+0.07\)     |
| trunk angle    | \(+0.38\) * | \(-0.12\)       | \(-0.27\)    | \(+0.12\)        | \(+0.07\)    | \(1\)         |
